t = 0
b = 40.000000 40.000000 40.000000
E = 0 0 0
24.6396429644 32.0692803255 29.4151173579 -0.75753194738 -0.548388021784 -0.354141110663 0.290959943908 0.201992694253 -0.935169109044 0.0971483857571 0.0722717907207 -0.0116261930829 -0.114802952975 0.28492353931 0.385245568828
24.9195674981 31.9104382308 29.0030271643 -0.951476356016 0.0786985371021 -0.297488292542 0.307065121809 0.305943196252 -0.901171333119 -0.023014011206 -0.330046756977 -0.269511780086 -0.0752838697208 0.310725725974 -0.0754542228015
25.0339678056 31.8764604966 28.4538851921 -0.798755383827 0.584009631017 0.144646422999 0.167125759723 0.446320391483 -0.879128596158 0.472342819061 0.0425647394276 0.451296129449 0.283102291468 0.00143084017726 0.215690333596
24.7972323034 31.8661087489 28.024867069 -0.320201069948 0.905988543263 0.276868261597 -0.187275166555 0.225953446668 -0.955967076803 -0.0583288714267 0.0303991547935 0.516837125737 -0.122876513265 -0.714125494667 -0.0459214954936
24.5217258013 32.05467237 27.5013126553 -0.0305992237134 0.851325998021 0.523743957102 -0.173040526431 0.511565409581 -0.841639951483 -0.281941760806 0.411090728323 -0.296625351148 -0.285181398224 -0.140920637047 0.141732650323
24.1865029306 32.3248354243 27.1590417481 0.602985856956 0.636108325839 0.48142938642 0.0168436986358 0.593196352758 -0.804881591845 0.300633114644 0.084173793572 0.0743092146027 0.160084901186 0.00344536035202 -0.323297387399
24.063492115 32.8192780111 26.8400006319 0.916857987974 0.130673213261 0.377221342482 0.270790668111 0.490728534722 -0.82816539367 -0.0307451122954 -0.960402575365 0.154036010015 -0.57267015201 -0.476920388127 0.53361726019
24.1373297618 33.2332231605 26.7109439654 0.93979597196 -0.34137945036 -0.0156077532047 0.229699644192 0.664845503385 -0.71078726078 0.242143960452 -0.11456770871 0.214360043566 0.0962708901013 0.136322086294 -0.424798177331
25.2512273074 32.8520661713 26.7251737851 -0.891423017158 0.453149531697 0.00452839979197 -0.163880895403 -0.331666079355 0.929053638886 -0.267408603872 -0.26909608652 0.328535465079 -0.288266927762 -0.0859824112508 0.0274170382823
25.2077930334 32.9451903044 27.234951448 -0.936224424237 -0.119077048803 -0.330612286388 -0.269476045299 -0.360557484859 0.892961903511 0.396869374054 -0.0758226983684 0.53403321842 -0.155727503449 0.251591918348 -0.0180455752514
25.0010053419 33.0336862157 27.7059525724 -0.659094846615 -0.606309318375 -0.444952799313 -0.123069347243 -0.496716334874 0.859143072159 -0.730087139102 0.482342154804 0.237831963241 -0.233803271185 0.457055616566 0.291293883527
24.6419231739 33.0556440807 28.1023299915 -0.237490685298 -0.814487762612 -0.529346634024 -0.332054268271 -0.444040926833 0.832206475714 0.191029955481 -0.118225570673 -0.455365398235 -0.540545922163 -0.0921573750453 -0.542732078529
24.2564404923 32.8760155491 28.3569812165 0.471401261602 -0.850370720097 -0.233774440353 -0.342154592865 -0.420657849813 0.840224498555 0.00225277827147 -0.100547720077 0.462239506446 0.0517888015128 0.0629417541118 -0.123468946447
23.9698518044 32.5004247269 28.6240280345 0.863273642554 -0.479810508399 -0.156654058684 -0.275085608209 -0.707479205197 0.651000063264 0.308214768589 0.241836657288 -0.0451351353604 -0.0230122294065 -0.307615899789 0.039978339646
23.6744375278 32.0480346738 28.7142329515 0.956967234743 0.0550135914197 0.28493370525 -0.189534149095 -0.625031511184 0.757239999177 -0.0030617995245 -0.0889657211484 0.509006920511 0.147260354592 0.558618754275 0.432025567266
23.7122601386 31.4978415104 28.9097542165 0.773591432878 0.420965558655 0.473649969285 -0.113538949694 -0.643279976522 0.757165621716 -0.0908596004016 -0.211826774347 0.0264566052543 -0.0585829757425 -0.557340426108 -0.353714193071
15.2215053625 25.8687756637 29.2409547443 -0.218484515234 -0.823825393335 0.523045158566 0.0535340591327 -0.545306189294 -0.836525710561 0.0971483857571 0.0722717907207 -0.0116261930829 -0.114802952975 0.28492353931 0.385245568828
15.5225423221 25.5695685768 28.9355717858 -0.776027115962 -0.558202737027 0.293584093007 -0.00184523214309 -0.463478191524 -0.886106405067 -0.023014011206 -0.330046756977 -0.269511780086 -0.0752838697208 0.310725725974 -0.0754542228015
15.6123252105 25.1568971979 28.5648425202 -0.980043316788 0.0891658299093 0.17766415507 -0.19877816363 -0.432715478309 -0.879343252943 0.472342819061 0.0425647394276 0.451296129449 0.283102291468 0.00143084017726 0.215690333596
15.4270409638 24.7197807726 28.443161029 -0.828962687783 0.524912097485 -0.193101403874 -0.321886376688 -0.730088198765 -0.602793814274 -0.0583288714267 0.0303991547935 0.516837125737 -0.122876513265 -0.714125494667 -0.0459214954936
15.0781839524 24.2853683611 28.1690188427 -0.567227314152 0.805636291583 -0.17088984687 -0.49586666924 -0.499767500073 -0.710175113762 -0.281941760806 0.411090728323 -0.296625351148 -0.285181398224 -0.140920637047 0.141732650323
14.63675929 24.0118407304 27.9878042584 0.0488903612757 0.908778073805 -0.414405773542 -0.406003916704 -0.360995144901 -0.839549477386 0.300633114644 0.084173793572 0.0743092146027 0.160084901186 0.00344536035202 -0.323297387399
14.2073449138 23.9412731876 27.5730562847 0.614539702825 0.706885195493 -0.350220322146 -0.148574182085 -0.332290212924 -0.931401592661 -0.0307451122954 -0.960402575365 0.154036010015 -0.57267015201 -0.476920388127 0.53361726019
13.9851920691 24.059027256 27.2121680736 0.930093203503 0.180401010971 -0.319972042588 -0.290381612957 -0.172364307219 -0.941259297141 0.242143960452 -0.11456770871 0.214360043566 0.0962708901013 0.136322086294 -0.424798177331
15.0732043934 24.3100172295 26.8386923772 -0.967935932159 -0.118912981048 0.221268466287 0.12721911658 0.527475048872 0.839991291141 -0.267408603872 -0.26909608652 0.328535465079 -0.288266927762 -0.0859824112508 0.0274170382823
14.9963151194 24.7454142496 27.112461222 -0.635157590446 -0.671409663696 0.381816577422 0.0658258822071 0.445483117477 0.892867148726 0.396869374054 -0.0758226983684 0.53403321842 -0.155727503449 0.251591918348 -0.0180455752514
14.7985812817 25.0863481288 27.45466022 -0.109438588103 -0.886688244313 0.449229510196 0.264431451215 0.409687325814 0.87305916333 -0.730087139102 0.482342154804 0.237831963241 -0.233803271185 0.457055616566 0.291293883527
14.5279575588 25.2793378886 27.8742492604 0.341528460928 -0.893436733335 0.291768939239 0.0719178091563 0.334367007778 0.939694914765 0.191029955481 -0.118225570673 -0.455365398235 -0.540545922163 -0.0921573750453 -0.542732078529
14.3658009932 25.2547649728 28.3420226817 0.907176957941 -0.407726105917 0.103871986285 0.0491741515011 0.347924584997 0.936232015036 0.00225277827147 -0.100547720077 0.462239506446 0.0517888015128 0.0629417541118 -0.123468946447
14.4076220126 25.1856427801 28.8786684396 0.959283120101 -0.0259043243007 -0.281255864777 0.282446244469 0.0875556823585 0.955279080412 0.308214768589 0.241836657288 -0.0451351353604 -0.0230122294065 -0.307615899789 0.039978339646
14.4875527744 24.9357336735 29.3595216333 0.691470091052 0.612681711959 -0.382740425108 0.2958110581 0.24322121185 0.923763638607 -0.0030617995245 -0.0889657211484 0.509006920511 0.147260354592 0.558618754275 0.432025567266
14.8856717821 24.8494093312 29.7795466273 0.318666094516 0.866003155635 -0.385344592069 0.364885920324 0.263131653058 0.893095738601 -0.0908596004016 -0.211826774347 0.0264566052543 -0.0585829757425 -0.557340426108 -0.353714193071
24.7103039438 18.091963228 16.7247359048 0.75291449005 -0.539089111995 -0.377495297986 0.404149116278 0.83143940438 -0.381276813688 0.0971483857571 0.0722717907207 -0.0116261930829 -0.114802952975 0.28492353931 0.385245568828
25.0523205421 18.4810788016 16.7955920981 0.273505270293 -0.49137982859 -0.826886165791 0.301699710692 0.860107534097 -0.411329933701 -0.023014011206 -0.330046756977 -0.269511780086 -0.0752838697208 0.310725725974 -0.0754542228015
25.4129263946 18.8740776176 16.6186339897 -0.413142082411 -0.459942602471 -0.785981184363 0.202784284443 0.79494915241 -0.571781758249 0.472342819061 0.0425647394276 0.451296129449 0.283102291468 0.00143084017726 0.215690333596
25.7311298957 18.9491480449 16.2535061087 -0.811704583802 -0.074456824366 -0.579302899994 0.470820372579 0.503531800459 -0.72441970065 -0.0583288714267 0.0303991547935 0.516837125737 -0.122876513265 -0.714125494667 -0.0459214954936
25.9660049823 19.1218339888 15.7052520121 -0.972072092519 -0.0273477161756 -0.233083567345 0.180401479256 0.548170360446 -0.816678983573 -0.281941760806 0.411090728323 -0.296625351148 -0.285181398224 -0.140920637047 0.141732650323
26.03213293 19.1737288322 15.161702711 -0.877495547525 0.382974016838 0.288673633191 0.0670478613609 0.693977131823 -0.716868415258 0.300633114644 0.084173793572 0.0743092146027 0.160084901186 0.00344536035202 -0.323297387399
25.8828731611 19.4461881823 14.6470379753 -0.477063562259 0.49365121522 0.727130548991 0.121208902978 0.856398017072 -0.501887276383 -0.0307451122954 -0.960402575365 0.154036010015 -0.57267015201 -0.476920388127 0.53361726019
25.6430131223 19.7223163279 14.4027459023 0.126719575614 0.573157946252 0.809587622067 -0.0789835344505 0.819405858772 -0.567746105136 0.242143960452 -0.11456770871 0.214360043566 0.0962708901013 0.136322086294 -0.424798177331
25.7545601211 20.3908002289 15.3655217961 -0.210967801814 -0.49179496513 -0.844766416751 -0.321583880851 -0.781190351046 0.535093863738 -0.267408603872 -0.26909608652 0.328535465079 -0.288266927762 -0.0859824112508 0.0274170382823
25.3640817578 20.0935486535 15.5375684605 0.441339870234 -0.530958170679 -0.723396530217 -0.260935778239 -0.847257419461 0.462674166993 0.396869374054 -0.0758226983684 0.53403321842 -0.155727503449 0.251591918348 -0.0180455752514
25.0263291263 19.6983026012 15.5838118692 0.840050259151 -0.434675719515 -0.324611430735 -0.158610142613 -0.768992173141 0.619268811024 -0.730087139102 0.482342154804 0.237831963241 -0.233803271185 0.457055616566 0.291293883527
24.8092380733 19.2121774057 15.5282152989 0.987944910166 -0.151722876465 0.0307412301995 -0.149800283029 -0.886872198459 0.437055578622 0.191029955481 -0.118225570673 -0.455365398235 -0.540545922163 -0.0921573750453 -0.542732078529
24.8387007068 18.718375978 15.4965505413 0.719642883351 0.179136302717 0.670838509249 -0.171035165515 -0.89064310084 0.421309671245 0.00225277827147 -0.100547720077 0.462239506446 0.0517888015128 0.0629417541118 -0.123468946447
24.9929636773 18.2199422451 15.6458230924 0.332778437586 0.550934147089 0.765330044523 0.156183508031 -0.832578098634 0.531432424203 0.308214768589 0.241836657288 -0.0451351353604 -0.0230122294065 -0.307615899789 0.039978339646
25.3197418327 17.7914395496 15.7441325995 -0.366924358686 0.5501273785 0.750150906436 0.0132350370284 -0.803227608001 0.59552518296 -0.0030617995245 -0.0889657211484 0.509006920511 0.147260354592 0.558618754275 0.432025567266
25.6028797328 17.5094783147 16.17156964 -0.73602373318 0.435631026102 0.518164716373 0.0156774019397 -0.754259462294 0.656389276732 -0.0908596004016 -0.211826774347 0.0264566052543 -0.0585829757425 -0.557340426108 -0.353714193071
28.0380162912 37.4179764031 13.1028093695 0.10005647633 0.82191704415 0.560750456157 0.812588876503 -0.392731847778 0.430651847233 0.0971483857571 0.0722717907207 -0.0116261930829 -0.114802952975 0.28492353931 0.385245568828
28.5597640272 37.3840500274 13.0968777297 -0.264676191227 0.380213688214 0.8862189713 0.756592525587 -0.48793546588 0.43530073669 -0.023014011206 -0.330046756977 -0.269511780086 -0.0752838697208 0.310725725974 -0.0754542228015
29.0633373364 37.3133904216 13.3360846794 -0.719112778703 -0.0976383846252 0.687999678309 0.619642864904 -0.538218102815 0.571282761666 0.472342819061 0.0425647394276 0.451296129449 0.283102291468 0.00143084017726 0.215690333596
29.2891725649 37.4058699257 13.761118087 -0.701170404402 -0.602937201003 0.380561158867 0.583220061908 -0.177983979585 0.792575587814 -0.0583288714267 0.0303991547935 0.516837125737 -0.122876513265 -0.714125494667 -0.0459214954936
29.4996588483 37.3380831833 14.3413506076 -0.733405552586 -0.679771127803 0.00524492535175 0.39791644527 -0.423031210832 0.814068238691 -0.281941760806 0.411090728323 -0.296625351148 -0.285181398224 -0.140920637047 0.141732650323
29.5079108989 37.2436358259 14.8831286279 -0.308783700965 -0.811114250225 -0.496735643074 0.433919473295 -0.584874514412 0.685299710409 0.300633114644 0.084173793572 0.0743092146027 0.160084901186 0.00344536035202 -0.323297387399
29.5230761623 36.8518389391 15.338823241 0.10970923879 -0.537832884116 -0.835882570513 0.614897977488 -0.624000917712 0.482206731576 -0.0307451122954 -0.960402575365 0.154036010015 -0.57267015201 -0.476920388127 0.53361726019
29.5142333344 36.4470503153 15.5106550845 0.600411074242 -0.171946608543 -0.78098713545 0.439494211181 -0.744951059334 0.501889188502 0.242143960452 -0.11456770871 0.214360043566 0.0962708901013 0.136322086294 -0.424798177331
30.1915966593 36.2255387784 14.5734451584 -0.607503648992 0.0504253942781 0.792714700301 -0.698445553111 0.441390157459 -0.563336966865 -0.267408603872 -0.26909608652 0.328535465079 -0.288266927762 -0.0859824112508 0.0274170382823
29.7332995916 36.2067550961 14.3284086776 -0.160349243547 0.541083230202 0.825540464235 -0.711964650402 0.515883743213 -0.476414000705 0.396869374054 -0.0758226983684 0.53403321842 -0.155727503449 0.251591918348 -0.0180455752514
29.2262969692 36.2699061314 14.2216612072 0.241441574641 0.816039702723 0.525152520335 -0.563988825084 0.558382559114 -0.608379423434 -0.730087139102 0.482342154804 0.237831963241 -0.233803271185 0.457055616566 0.291293883527
28.7265328487 36.4602229166 14.2451676914 0.591683384075 0.780389938832 0.20224321096 -0.665145716785 0.614317042219 -0.424494696176 0.191029955481 -0.118225570673 -0.455365398235 -0.540545922163 -0.0921573750453 -0.542732078529
28.3977560141 36.8267882301 14.3021432785 0.722242362616 0.483270714669 -0.49478822337 -0.684843992749 0.599734720037 -0.4138924633 0.00225277827147 -0.100547720077 0.462239506446 0.0517888015128 0.0629417541118 -0.123468946447
28.1781275123 37.3147760675 14.211884005 0.723466115873 -0.0254132867503 -0.68989197998 -0.399480943411 0.799608135512 -0.448376856533 0.308214768589 0.241836657288 -0.0451351353604 -0.0230122294065 -0.307615899789 0.039978339646
28.1214967685 37.8596069183 14.2079362228 0.229648673747 -0.499566602026 -0.835281208209 -0.470536680868 0.694268891228 -0.544597042437 -0.0030617995245 -0.0889657211484 0.509006920511 0.147260354592 0.558618754275 0.432025567266
28.1817241726 38.3321108204 13.8681063327 -0.141242998564 -0.710250252908 -0.689633956241 -0.426262681575 0.672366335505 -0.605164140689 -0.0908596004016 -0.211826774347 0.0264566052543 -0.0585829757425 -0.557340426108 -0.353714193071
32.7198289632 24.2421308049 3.58224863785 0.455710239601 -0.28747813214 0.84242774234 -0.46914088121 0.726724254368 0.501775539152 0.0971483857571 0.0722717907207 -0.0116261930829 -0.114802952975 0.28492353931 0.385245568828
32.3062379607 24.3712421069 3.87495948086 0.819095261738 0.175397118101 0.546185685605 -0.44677724096 0.792255084898 0.415598336635 -0.023014011206 -0.330046756977 -0.269511780086 -0.0752838697208 0.310725725974 -0.0754542228015
32.0418314084 24.6706288363 4.27025125129 0.93446464498 0.337653236732 -0.112987251525 -0.273715832051 0.884186049723 0.378542828172 0.472342819061 0.0425647394276 0.451296129449 0.283102291468 0.00143084017726 0.215690333596
32.1408735144 24.8965720353 4.69374592512 0.615074005544 0.552678944483 -0.562343268857 -0.0265774395024 0.727336081552 0.685766625159 -0.0583288714267 0.0303991547935 0.516837125737 -0.122876513265 -0.714125494667 -0.0459214954936
32.3035224786 25.3362784541 5.10089807811 0.400081712192 0.383432093485 -0.832414832433 0.0682930717824 0.893276244196 0.444290004278 -0.281941760806 0.411090728323 -0.296625351148 -0.285181398224 -0.140920637047 0.141732650323
32.5926797474 25.7327910488 5.34924795035 -0.25466135912 0.274535274492 -0.927242134089 -0.0751309130744 0.950340112952 0.302008303884 0.300633114644 0.084173793572 0.0743092146027 0.160084901186 0.00344536035202 -0.323297387399
32.7524990296 26.3113279102 5.38308968818 -0.709040566012 -0.0542930809284 -0.703074489022 -0.343643049269 0.897234303129 0.277272537366 -0.0307451122954 -0.960402575365 0.154036010015 -0.57267015201 -0.476920388127 0.53361726019
32.7605581319 26.7267817729 5.2388976398 -0.96429576989 -0.206921480739 -0.165279063955 -0.22684449306 0.967433844819 0.112309090755 0.242143960452 -0.11456770871 0.214360043566 0.0962708901013 0.136322086294 -0.424798177331
31.6328531413 26.4815053493 5.00572000275 0.946677624823 0.307107230597 0.0973992996644 0.315179032861 -0.820076829879 -0.477636022867 -0.267408603872 -0.26909608652 0.328535465079 -0.288266927762 -0.0859824112508 0.0274170382823
31.836901431 26.2575615229 4.5830554028 0.742747917335 0.0353210650959 0.668638881351 0.395116850966 -0.829323942613 -0.395100585031 0.396869374054 -0.0758226983684 0.53403321842 -0.155727503449 0.251591918348 -0.0180455752514
32.1800424975 26.0418692138 4.25416975226 0.324450048062 -0.27522954422 0.904975615307 0.214008868994 -0.910564701594 -0.353655380565 -0.730087139102 0.482342154804 0.237831963241 -0.233803271185 0.457055616566 0.291293883527
32.6256316752 25.8058120323 4.07454653166 -0.144038731792 -0.367637745715 0.918746609065 0.41390419579 -0.86569651666 -0.281518840844 0.191029955481 -0.118225570673 -0.455365398235 -0.540545922163 -0.0921573750453 -0.542732078529
33.0027427773 25.4870907089 4.11830139711 -0.728039103886 -0.522891072508 0.443332820243 0.431712644927 -0.852058384663 -0.296007941337 0.00225277827147 -0.100547720077 0.462239506446 0.0517888015128 0.0629417541118 -0.123468946447
33.2391277379 25.0086832081 4.21711414039 -0.969288068016 -0.242021397216 0.0436610179812 0.241009442864 -0.970141621464 -0.0271971092872 0.308214768589 0.241836657288 -0.0451351353604 -0.0230122294065 -0.307615899789 0.039978339646
33.4148233007 24.5703457068 4.49470121911 -0.791595929075 -0.0593366495256 -0.608157090804 0.213110887021 -0.959590362322 -0.183766390757 -0.0030617995245 -0.0889657211484 0.509006920511 0.147260354592 0.558618754275 0.432025567266
33.2850462046 24.0129792884 4.61665290235 -0.472290793918 0.115674776937 -0.873819633541 0.137976615157 -0.969428434555 -0.20290629351 -0.0908596004016 -0.211826774347 0.0264566052543 -0.0585829757425 -0.557340426108 -0.353714193071
14.2393334337 34.8705802044 20.4307297149 0.327472364596 -0.509916671293 0.795453857093 -0.7879482722 0.317225444562 0.52773623872 0.0971483857571 0.0722717907207 -0.0116261930829 -0.114802952975 0.28492353931 0.385245568828
13.7525574243 34.766080015 20.5905286835 0.56704542507 0.103430558162 0.817166816229 -0.7707782381 0.416459609378 0.482143444868 -0.023014011206 -0.330046756977 -0.269511780086 -0.0752838697208 0.310725725974 -0.0754542228015
13.321138809 34.8002660168 20.9490089731 0.76326215172 0.553071043951 0.333980999602 -0.635882355561 0.551533102819 0.539874861778 0.472342819061 0.0425647394276 0.451296129449 0.283102291468 0.00143084017726 0.215690333596
13.2404923964 34.8393554647 21.4308549836 0.4978260752 0.862028329868 -0.0952699184238 -0.424767008057 0.338117593272 0.839791332407 -0.0583288714267 0.0303991547935 0.516837125737 -0.122876513265 -0.714125494667 -0.0459214954936
13.1485780111 35.0869076548 21.9928504951 0.419172661225 0.78110278543 -0.462787984583 -0.341202461067 0.607894067072 0.716969792795 -0.281941760806 0.411090728323 -0.296625351148 -0.285181398224 -0.140920637047 0.141732650323
13.2221896771 35.3927841873 22.4439964719 -0.120609692665 0.579793015324 -0.805787417013 -0.460114425172 0.686607045969 0.562908056591 0.300633114644 0.084173793572 0.0743092146027 0.160084901186 0.00344536035202 -0.323297387399
13.1631119635 35.9208534563 22.7251459644 -0.473070446401 0.0943172746038 -0.875961531377 -0.68173675246 0.590601504406 0.431769456237 -0.0307451122954 -0.960402575365 0.154036010015 -0.57267015201 -0.476920388127 0.53361726019
13.0606087959 36.3482062945 22.7430585367 -0.773408610032 -0.326305490183 -0.543473871502 -0.562429739448 0.748717252208 0.3508493472 0.242143960452 -0.11456770871 0.214360043566 0.0962708901013 0.136322086294 -0.424798177331
12.1661122844 35.9807706701 22.0714054021 0.738169336986 0.439134465823 0.512120055124 0.673847793113 -0.443752549291 -0.590773075482 -0.267408603872 -0.26909608652 0.328535465079 -0.288266927762 -0.0859824112508 0.0274170382823
12.5227166413 36.0108689338 21.6941000441 0.517974679334 -0.0886807909856 0.850786664728 0.731703987627 -0.469245695742 -0.494386237186 0.396869374054 -0.0758226983684 0.53403321842 -0.155727503449 0.251591918348 -0.0180455752514
12.9827364592 36.039228413 21.4491260825 0.189527737514 -0.555276021465 0.809782549021 0.584834802307 -0.598630523164 -0.547366194377 -0.730087139102 0.482342154804 0.237831963241 -0.233803271185 0.457055616566 0.291293883527
13.5101638233 36.0088742438 21.3628926222 -0.209865029065 -0.746893804022 0.63095666657 0.736082777357 -0.545445358921 -0.400838502779 0.191029955481 -0.118225570673 -0.455365398235 -0.540545922163 -0.0921573750453 -0.542732078529
13.9537131055 35.7953292436 21.4209711966 -0.584768484759 -0.810341086972 -0.0373248174501 0.750905888855 -0.523323459744 -0.40283110923 0.00225277827147 -0.100547720077 0.462239506446 0.0517888015128 0.0629417541118 -0.123468946447
14.3110402628 35.3868974898 21.4250146851 -0.812339872348 -0.447461270265 -0.374008480393 0.557408427925 -0.784294352093 -0.272356776589 0.308214768589 0.241836657288 -0.0451351353604 -0.0230122294065 -0.307615899789 0.039978339646
14.5595919873 34.9235912129 21.57874372 -0.567808277381 0.0308705850396 -0.822581769259 0.563061966455 -0.714380359027 -0.415477947151 -0.0030617995245 -0.0889657211484 0.509006920511 0.147260354592 0.558618754275 0.432025567266
14.6043149252 34.3542064991 21.4515724242 -0.276989816096 0.369127773243 -0.887142225801 0.502044404953 -0.731623676481 -0.461170479831 -0.0908596004016 -0.211826774347 0.0264566052543 -0.0585829757425 -0.557340426108 -0.353714193071
35.7467975991 19.8215201474 33.0004848222 -0.804517019605 -0.0466158129111 0.592097400055 -0.562707551011 0.378796733548 -0.734760673068 0.0971483857571 0.0722717907207 -0.0116261930829 -0.114802952975 0.28492353931 0.385245568828
35.4302116053 19.7173754596 32.5975777909 -0.521456083019 0.544790467519 0.656724371393 -0.479706941406 0.449331654608 -0.753646014077 -0.023014011206 -0.330046756977 -0.269511780086 -0.0752838697208 0.310725725974 -0.0754542228015
35.0073823504 19.8320622487 32.2456386144 0.131161609242 0.763112754576 0.632815578242 -0.44106467562 0.616592643503 -0.652131477463 0.472342819061 0.0425647394276 0.451296129449 0.283102291468 0.00143084017726 0.215690333596
34.575706751 20.0641461685 32.2464372144 0.553513118687 0.803179650444 0.220285443355 -0.728061261942 0.595079376996 -0.340304766251 -0.0583288714267 0.0303991547935 0.516837125737 -0.122876513265 -0.714125494667 -0.0459214954936
34.1503143546 20.5135278461 32.1947969889 0.824045942597 0.55745114338 0.100977756135 -0.49311663149 0.79353351981 -0.356567722439 -0.281941760806 0.411090728323 -0.296625351148 -0.285181398224 -0.140920637047 0.141732650323
33.8910661287 20.9936849214 32.2637271222 0.898142382056 0.138589854219 -0.417292599818 -0.360473159983 0.775525956604 -0.518284276788 0.300633114644 0.084173793572 0.0743092146027 0.160084901186 0.00344536035202 -0.323297387399
33.829695142 21.5732276115 32.1162271606 0.675306222211 -0.380131322826 -0.632029812311 -0.34370329993 0.596006471986 -0.725702643628 -0.0307451122954 -0.960402575365 0.154036010015 -0.57267015201 -0.476920388127 0.53361726019
33.9492935697 21.94118668 31.9070369411 0.137430718482 -0.656380216113 -0.741807124199 -0.178514040452 0.720237070022 -0.670366541773 0.242143960452 -0.11456770871 0.214360043566 0.0962708901013 0.136322086294 -0.424798177331
34.149994614 21.1719520122 31.0385624181 -0.0763718344736 0.73634173208 0.672285799714 0.537817058129 -0.537337502114 0.649631603917 -0.267408603872 -0.26909608652 0.328535465079 -0.288266927762 -0.0859824112508 0.0274170382823
34.5931858007 21.0931936168 31.2989670901 -0.638452941524 0.381631570821 0.668382514442 0.459328889276 -0.507880072951 0.728748792778 0.396869374054 -0.0758226983684 0.53403321842 -0.155727503449 0.251591918348 -0.0180455752514
34.9480725904 21.0882825428 31.681675834 -0.873023225724 -0.103596450062 0.476548237728 0.41534575241 -0.670050242447 0.615240260834 -0.730087139102 0.482342154804 0.237831963241 -0.233803271185 0.457055616566 0.291293883527
35.1594998636 21.1124239876 32.1728508623 -0.900559780971 -0.418344192963 0.118237968149 0.348963700172 -0.533437357623 0.770499137868 0.191029955481 -0.118225570673 -0.455365398235 -0.540545922163 -0.0921573750453 -0.542732078529
35.1501980993 21.0239307418 32.6604910742 -0.441216342581 -0.830266362313 -0.340567036942 0.363341474306 -0.512283024143 0.778170338823 0.00225277827147 -0.100547720077 0.462239506446 0.0517888015128 0.0629417541118 -0.123468946447
35.0896318134 20.7251692648 33.1094775433 -0.0690983006326 -0.69565451457 -0.715045607782 0.0943653049535 -0.718102712823 0.68950974109 0.308214768589 0.241836657288 -0.0451351353604 -0.0230122294065 -0.307615899789 0.039978339646
34.8458918875 20.4252429985 33.4976764169 0.577538856418 -0.428703024552 -0.694739221627 0.248757768906 -0.718130010662 0.649929888677 -0.0030617995245 -0.0889657211484 0.509006920511 0.147260354592 0.558618754275 0.432025567266
34.7518578302 19.8742737522 33.6707721063 0.845298298346 -0.109384600171 -0.522977816028 0.26534021203 -0.76364256128 0.588595455709 -0.0908596004016 -0.211826774347 0.0264566052543 -0.0585829757425 -0.557340426108 -0.353714193071
23.3778314485 4.94972110017 19.2436921997 0.233931114578 0.0386591197018 0.971484279902 -0.453802324247 -0.879346601556 0.144267130141 0.0971483857571 0.0722717907207 -0.0116261930829 -0.114802952975 0.28492353931 0.385245568828
23.4346228703 4.43071785252 19.2722797256 -0.359342302538 0.310216836854 0.880135571227 -0.534281373484 -0.841652323812 0.078516111531 -0.023014011206 -0.330046756977 -0.269511780086 -0.0752838697208 0.310725725974 -0.0754542228015
23.2972662479 3.91768208713 19.4559268985 -0.640056264802 0.674613627753 0.367728746683 -0.682489990426 -0.719028631213 0.131168748048 0.472342819061 0.0425647394276 0.451296129449 0.283102291468 0.00143084017726 0.215690333596
23.1120843316 3.70332241778 19.855883142 -0.797161904821 0.571929443061 -0.193467334873 -0.575415925628 -0.622634694752 0.530304204608 -0.0583288714267 0.0303991547935 0.516837125737 -0.122876513265 -0.714125494667 -0.0459214954936
22.70405013 3.47167722217 20.2625991235 -0.605335726283 0.597716559893 -0.525645862264 -0.795076763743 -0.485334971401 0.363734663307 -0.281941760806 0.411090728323 -0.296625351148 -0.285181398224 -0.140920637047 0.141732650323
22.2725300004 3.43485565335 20.6016365443 -0.300102292917 0.167150036516 -0.939148273213 -0.820537436585 -0.547323825066 0.164787577437 0.300633114644 0.084173793572 0.0743092146027 0.160084901186 0.00344536035202 -0.323297387399
21.6842604864 3.33916458757 20.6802149453 0.188196660601 -0.18750887568 -0.964065577894 -0.685519861489 -0.728012402876 0.00777565199748 -0.0307451122954 -0.960402575365 0.154036010015 -0.57267015201 -0.476920388127 0.53361726019
21.2738529852 3.27079183533 20.5375648222 0.489447949515 -0.604797736794 -0.628220026968 -0.812494423921 -0.577907154709 -0.0766559301959 0.242143960452 -0.11456770871 0.214360043566 0.0962708901013 0.136322086294 -0.424798177331
21.843802671 2.58468866111 19.7690138022 -0.586517222488 0.58948711115 0.555430007754 0.595232712849 0.778780943001 -0.197985505462 -0.267408603872 -0.26909608652 0.328535465079 -0.288266927762 -0.0859824112508 0.0274170382823
21.9269278683 3.03711663848 19.5264627089 -0.186399314112 0.238108234419 0.953184013924 0.588812991429 0.803720902321 -0.0856269367536 0.396869374054 -0.0758226983684 0.53403321842 -0.155727503449 0.251591918348 -0.0180455752514
21.9692752582 3.5493305671 19.4354774096 0.274578143847 -0.100654256074 0.956282156926 0.730311896918 0.668759180935 -0.139304311255 -0.730087139102 0.482342154804 0.237831963241 -0.233803271185 0.457055616566 0.291293883527
22.0173504738 4.07469935703 19.5261064218 0.517784316561 -0.444569207675 0.730929285985 0.632240924268 0.774425892006 0.0231506257347 0.191029955481 -0.118225570673 -0.455365398235 -0.540545922163 -0.0921573750453 -0.542732078529
22.1961149838 4.46319497574 19.7767554948 0.790297932823 -0.611901920945 0.031705149738 0.611614626857 0.790922466474 0.0192145840625 0.00225277827147 -0.100547720077 0.462239506446 0.0517888015128 0.0629417541118 -0.123468946447
22.5781225576 4.76954008722 20.0107179509 0.552732078584 -0.701164079274 -0.45039558528 0.822093249518 0.547332215377 0.156812420131 0.308214768589 0.241836657288 -0.0451351353604 -0.0230122294065 -0.307615899789 0.039978339646
22.9675092301 4.92408780417 20.3636433037 0.233339318764 -0.298507233118 -0.925443782244 0.799845262417 0.600151754029 0.00808877778048 -0.0030617995245 -0.0889657211484 0.509006920511 0.147260354592 0.558618754275 0.432025567266
23.5475984569 4.95780915313 20.4324255071 -0.0724054797539 0.0248373749157 -0.997065971393 0.831249605626 0.55394565182 -0.0465650939712 -0.0908596004016 -0.211826774347 0.0264566052543 -0.0585829757425 -0.557340426108 -0.353714193071
